#TEXT/SIMPLE
# elo ehi spectrum
3.0000000000000e-01 3.0999999998886e-01 2.8129613624933e-05
3.0999999998886e-01 3.1999999997772e-01 1.5470653401270e-05
3.1999999997772e-01 3.2999999996658e-01 8.9573998628651e-06
3.2999999996658e-01 3.3999999995544e-01 5.7026960983764e-06
3.3999999995544e-01 3.4999999994429e-01 4.1313036488203e-06
3.4999999994429e-01 3.5999999993315e-01 3.3999872764929e-06
3.5999999993315e-01 3.6999999992201e-01 3.0957325439156e-06
3.6999999992201e-01 3.7999999991087e-01 2.9895872994055e-06
3.7999999991087e-01 3.8999999989973e-01 2.9733350809364e-06
3.8999999989973e-01 3.9999999988859e-01 2.9943122351672e-06
3.9999999988859e-01 4.0999999987745e-01 2.9451412294575e-06
4.0999999987745e-01 4.1999999986631e-01 2.9540808360249e-06
4.1999999986631e-01 4.2999999985517e-01 2.9874546995053e-06
4.2999999985517e-01 4.3999999984403e-01 3.0146907169403e-06
4.3999999984403e-01 4.4999999983288e-01 3.0353505611194e-06
4.4999999983288e-01 4.5999999982174e-01 3.0496243675096e-06
4.5999999982174e-01 4.6999999981060e-01 3.0579644689552e-06
4.6999999981060e-01 4.7999999979946e-01 3.0609151161487e-06
4.7999999979946e-01 4.8999999978832e-01 3.0590358421983e-06
4.8999999978832e-01 4.9999999977718e-01 3.0528649215376e-06
4.9999999977718e-01 5.0999999976604e-01 3.0429027614596e-06
5.0999999976604e-01 5.1999999975490e-01 3.0296118461013e-06
5.1999999975490e-01 5.2999999974376e-01 3.0134099314020e-06
5.2999999974376e-01 5.3999999973261e-01 2.5858134612388e-06
5.3999999973261e-01 5.4999999972147e-01 2.3377806298426e-06
5.4999999972147e-01 5.5999999971033e-01 2.3439657742647e-06
5.5999999971033e-01 5.6999999969919e-01 2.3473438437441e-06
5.6999999969919e-01 5.7999999968805e-01 2.3481648960781e-06
5.7999999968805e-01 5.8999999967691e-01 2.3466624679013e-06
5.8999999967691e-01 5.9999999966577e-01 2.3429851048453e-06
5.9999999966577e-01 6.0999999965463e-01 2.3365832971209e-06
6.0999999965463e-01 6.1999999964349e-01 2.3293984482995e-06
6.1999999964349e-01 6.2999999963235e-01 2.3206664329945e-06
6.2999999963235e-01 6.3999999962120e-01 2.3105465907165e-06
6.3999999962120e-01 6.4999999961006e-01 2.2991842406124e-06
6.4999999961006e-01 6.5999999959892e-01 2.2867143450979e-06
6.5999999959892e-01 6.6999999958778e-01 2.2732600112368e-06
6.6999999958778e-01 6.7999999957664e-01 2.2589347141055e-06
6.7999999957664e-01 6.8999999956550e-01 2.2438412867614e-06
6.8999999956550e-01 6.9999999955436e-01 2.2279804735590e-06
6.9999999955436e-01 7.0999999954322e-01 2.2035902886741e-06
7.0999999954322e-01 7.1999999953208e-01 2.1186572006007e-06
7.1999999953208e-01 7.2999999952093e-01 2.1036305710067e-06
7.2999999952093e-01 7.3999999950979e-01 2.0881881850252e-06
7.3999999950979e-01 7.4999999949865e-01 2.0723868433375e-06
7.4999999949865e-01 7.5999999948751e-01 2.0562783955646e-06
7.5999999948751e-01 7.6999999947637e-01 2.0399099561004e-06
7.6999999947637e-01 7.7999999946523e-01 2.0233248709898e-06
7.7999999946523e-01 7.8999999945409e-01 2.0065628426781e-06
7.8999999945409e-01 7.9999999944295e-01 1.9896162113825e-06
7.9999999944295e-01 8.0999999943181e-01 1.9725343603465e-06
8.0999999943181e-01 8.1999999942067e-01 1.9554477772147e-06
8.1999999942067e-01 8.2999999940952e-01 1.9383095984227e-06
8.2999999940952e-01 8.3999999939838e-01 1.9211444280756e-06
8.3999999939838e-01 8.4999999938724e-01 1.9039746765045e-06
8.4999999938724e-01 8.5999999937610e-01 1.8859028138903e-06
8.5999999937610e-01 8.6999999936496e-01 1.8638179735470e-06
8.6999999936496e-01 8.7999999935382e-01 1.8102371273627e-06
8.7999999935382e-01 8.8999999934268e-01 1.7947677508090e-06
8.8999999934268e-01 8.9999999933154e-01 1.7793127641644e-06
8.9999999933154e-01 9.0999999932040e-01 1.7638870601016e-06
9.0999999932040e-01 9.1999999930925e-01 1.7485041828211e-06
9.1999999930925e-01 9.2999999929811e-01 1.7331762922314e-06
9.2999999929811e-01 9.3999999928697e-01 1.7179146145963e-06
9.3999999928697e-01 9.4999999927583e-01 1.7027290245180e-06
9.4999999927583e-01 9.5999999926469e-01 1.6876287180416e-06
9.5999999926469e-01 9.6999999925355e-01 1.6726219061261e-06
9.6999999925355e-01 9.7999999924241e-01 1.6577155323538e-06
9.7999999924241e-01 9.8999999923127e-01 1.6429162556913e-06
9.8999999923127e-01 9.9999999922013e-01 1.6282299090055e-06
9.9999999922013e-01 1.009999999209 1.6136614354680e-06
1.009999999209 1.019999999198 1.5992156096555e-06
1.019999999198 1.029999999187 1.5848962736189e-06
1.029999999187 1.039999999176 1.5707069373370e-06
1.039999999176 1.049999999164 1.5566504802468e-06
1.049999999164 1.059999999153 1.5427296027784e-06
1.059999999153 1.069999999142 1.5289464272701e-06
1.069999999142 1.079999999131 1.5150217805166e-06
1.079999999131 1.089999999120 1.5013487847844e-06
1.089999999120 1.099999999109 1.4880022369348e-06
1.099999999109 1.109999999098 1.4747982442627e-06
1.109999999098 1.119999999086 1.4617377073521e-06
1.119999999086 1.129999999075 1.4488208769862e-06
1.129999999075 1.139999999064 1.4360479570300e-06
1.139999999064 1.149999999053 1.4234192007449e-06
1.149999999053 1.159999999042 1.4109342621078e-06
1.159999999042 1.169999999031 1.3985929593757e-06
1.169999999031 1.179999999020 1.3863949053312e-06
1.179999999020 1.189999999008 1.3743395187006e-06
1.189999999008 1.199999998997 1.3624259464901e-06
1.199999998997 1.209999998986 1.3506536037460e-06
1.209999998986 1.219999998975 1.3390213564035e-06
1.219999998975 1.229999998964 1.3275285010829e-06
1.229999998964 1.239999998953 1.3161739296914e-06
1.239999998953 1.249999998942 1.3049564889649e-06
1.249999998942 1.259999998930 1.2938749625346e-06
1.259999998930 1.269999998919 1.2829281568894e-06
1.269999998919 1.279999998908 1.2721147379243e-06
1.279999998908 1.289999998897 1.2614333996639e-06
1.289999998897 1.299999998886 1.2508827835948e-06
1.299999998886 1.309999998875 1.2384599442164e-06
1.309999998875 1.319999998864 1.2248079831128e-06
1.319999998864 1.329999998852 1.2147787615689e-06
1.329999998852 1.339999998841 1.2048703129057e-06
1.339999998841 1.349999998830 1.1950813168051e-06
1.349999998830 1.359999998819 1.1854104074282e-06
1.359999998819 1.369999998808 1.1758561759949e-06
1.369999998808 1.379999998797 1.1664173211391e-06
1.379999998797 1.389999998786 1.1570923513001e-06
1.389999998786 1.399999998774 1.1478799568790e-06
1.399999998774 1.409999998763 1.1387787146218e-06
1.409999998763 1.419999998752 1.1297872357501e-06
1.419999998752 1.429999998741 1.1209040941655e-06
1.429999998741 1.439999998730 1.1121278985458e-06
1.439999998730 1.449999998719 1.1034572217864e-06
1.449999998719 1.459999998708 1.0948906585009e-06
1.459999998708 1.469999998696 1.0864269449869e-06
1.469999998696 1.479999998685 1.0780645379641e-06
1.479999998685 1.489999998674 1.0698022141338e-06
1.489999998674 1.499999998663 1.0616385126169e-06
1.499999998663 1.509999998652 1.0535721407622e-06
1.509999998652 1.519999998641 1.0456017060216e-06
1.519999998641 1.529999998630 1.0377258500493e-06
1.529999998630 1.539999998619 1.0299433118641e-06
1.539999998619 1.549999998607 1.0222527966827e-06
1.549999998607 1.559999998596 1.0146523455818e-06
1.559999998596 1.569999998585 1.0068702531372e-06
1.569999998585 1.579999998574 9.9945435086015e-07
1.579999998574 1.589999998563 9.9212519273034e-07
1.589999998563 1.599999998552 9.8488151698715e-07
1.599999998552 1.609999998541 9.7772215276638e-07
1.609999998541 1.619999998529 9.7064583612826e-07
1.619999998529 1.629999998518 9.6365145291583e-07
1.629999998518 1.639999998507 9.5673779606986e-07
1.639999998507 1.649999998496 9.4990368708823e-07
1.649999998496 1.659999998485 9.4314803351145e-07
1.659999998485 1.669999998474 9.3646965213302e-07
1.669999998474 1.679999998463 9.2986750252500e-07
1.679999998463 1.689999998451 9.2334045373979e-07
1.689999998451 1.699999998440 9.1688740111595e-07
1.699999998440 1.709999998429 9.1050732166257e-07
1.709999998429 1.719999998418 9.0419915971982e-07
1.719999998418 1.729999998407 8.9796158872245e-07
1.729999998407 1.739999998396 8.9179413317959e-07
1.739999998396 1.749999998385 8.8569557055345e-07
1.749999998385 1.759999998373 8.7966482907483e-07
1.759999998373 1.769999998362 8.7370096897487e-07
1.769999998362 1.779999998351 8.6780307122031e-07
1.779999998351 1.789999998340 8.6197018397399e-07
1.789999998340 1.799999998329 8.5620132392502e-07
1.799999998329 1.809999998318 8.5049563416125e-07
1.809999998318 1.819999998307 8.4485217253683e-07
1.819999998307 1.829999998295 8.3927006920628e-07
1.829999998295 1.839999998284 8.3374842203339e-07
1.839999998284 1.849999998273 8.2605662383064e-07
1.849999998273 1.859999998262 8.2069513240105e-07
1.859999998262 1.869999998251 8.1539065567984e-07
1.869999998251 1.879999998240 8.1014238318496e-07
1.879999998240 1.889999998229 8.0494957107782e-07
1.889999998229 1.899999998217 7.9981139293222e-07
1.899999998217 1.909999998206 7.9472713742962e-07
1.909999998206 1.919999998195 7.8969605949476e-07
1.919999998195 1.929999998184 7.8471738153528e-07
1.929999998184 1.939999998173 7.7979039007857e-07
1.939999998173 1.949999998162 7.7491438635078e-07
1.949999998162 1.959999998151 7.7008868588979e-07
1.959999998151 1.969999998139 7.6531257139038e-07
1.969999998139 1.979999998128 7.6058534034967e-07
1.979999998128 1.989999998117 7.5590639704767e-07
1.989999998117 1.999999998106 7.5127501977628e-07
1.999999998106 2.009999998095 7.4669059291387e-07
2.009999998095 2.019999998084 7.4215246773033e-07
2.019999998084 2.029999998073 7.3766000853984e-07
2.029999998073 2.039999998061 7.3321263708223e-07
2.039999998061 2.049999998050 7.2880969748384e-07
2.049999998050 2.059999998039 7.2445059124681e-07
2.059999998039 2.069999998028 7.2013477553146e-07
2.069999998028 2.079999998017 7.1586167428564e-07
2.079999998017 2.089999998006 7.1163063600724e-07
2.089999998006 2.099999997995 7.0744119455508e-07
2.099999997995 2.109999997983 7.0329272110193e-07
2.109999997983 2.119999997972 6.9918472696111e-07
2.119999997972 2.129999997961 6.9511669026541e-07
2.129999997961 2.139999997950 6.9108801499697e-07
2.139999997950 2.149999997939 6.8709820038893e-07
2.149999997939 2.159999997928 6.8314679660695e-07
2.159999997928 2.169999997917 6.7923323818300e-07
2.169999997917 2.179999997905 6.7535709368914e-07
2.179999997905 2.189999997894 6.7151781711199e-07
2.189999997894 2.199999997883 6.6771495400335e-07
2.199999997883 2.209999997872 6.6394801794121e-07
2.209999997872 2.219999997861 6.6021657164384e-07
2.219999997861 2.229999997850 6.5652014593036e-07
2.229999997850 2.239999997839 6.5285828028935e-07
2.239999997839 2.249999997827 6.4923056206233e-07
2.249999997827 2.259999997816 6.4563650766249e-07
2.259999997816 2.269999997805 6.4207572035664e-07
2.269999997805 2.279999997794 6.3854781043013e-07
2.279999997794 2.289999997783 6.3505227957477e-07
2.289999997783 2.299999997772 6.3158879186880e-07
2.299999997772 2.309999997761 6.2815671333890e-07
2.309999997761 2.319999997750 6.2475606050102e-07
2.319999997750 2.329999997738 6.2138621607733e-07
2.329999997738 2.339999997727 6.1804683299219e-07
2.339999997727 2.349999997716 6.1473749567788e-07
2.349999997716 2.359999997705 6.1145787002241e-07
2.359999997705 2.369999997694 6.0820759076755e-07
2.369999997694 2.379999997683 6.0498622578507e-07
2.379999997683 2.389999997672 6.0179349635530e-07
2.389999997672 2.399999997660 5.9862901960222e-07
2.399999997660 2.409999997649 5.9549245538312e-07
2.409999997649 2.419999997638 5.9238346934985e-07
2.419999997638 2.429999997627 5.8930169720680e-07
2.429999997627 2.439999997616 5.8624685183655e-07
2.439999997616 2.449999997605 5.8321858030711e-07
2.449999997605 2.459999997594 5.8021653575568e-07
2.459999997594 2.469999997582 5.7724048187414e-07
2.469999997582 2.479999997571 5.7383627302780e-07
2.479999997571 2.489999997560 5.7085643506730e-07
2.489999997560 2.499999997549 5.6796388598141e-07
2.499999997549 2.509999997538 5.6509590561943e-07
2.509999997538 2.519999997527 5.6225224886643e-07
2.519999997527 2.529999997516 5.5943260685206e-07
2.529999997516 2.539999997504 5.5663670947111e-07
2.539999997504 2.549999997493 5.5386429096803e-07
2.549999997493 2.559999997482 5.5111502329588e-07
2.559999997482 2.569999997471 5.4838868326516e-07
2.569999997471 2.579999997460 5.4568501814277e-07
2.579999997460 2.589999997449 5.4300374643422e-07
2.589999997449 2.599999997438 5.4034459121804e-07
2.599999997438 2.609999997426 5.3770731251562e-07
2.609999997426 2.619999997415 5.3509167410023e-07
2.619999997415 2.629999997404 5.3249744341758e-07
2.629999997404 2.639999997393 5.2992432130038e-07
2.639999997393 2.649999997382 5.2737209584968e-07
2.649999997382 2.659999997371 5.2484053980021e-07
2.659999997371 2.669999997360 5.2232940403585e-07
2.669999997360 2.679999997348 5.1983850605463e-07
2.679999997348 2.689999997337 5.1736754124645e-07
2.689999997337 2.699999997326 5.1491633415504e-07
2.699999997326 2.709999997315 5.1248468094193e-07
2.709999997315 2.719999997304 5.1007231936389e-07
2.719999997304 2.729999997293 5.0767905252837e-07
2.729999997293 2.739999997282 5.0530468647888e-07
2.739999997282 2.749999997270 5.0294899983355e-07
2.749999997270 2.759999997259 5.0061177460965e-07
2.759999997259 2.769999997248 4.9829282616547e-07
2.769999997248 2.779999997237 4.9599194269601e-07
2.779999997237 2.789999997226 4.9370894533763e-07
2.789999997226 2.799999997215 4.9144362824061e-07
2.799999997215 2.809999997204 4.8919578865202e-07
2.809999997204 2.819999997192 4.8696519755948e-07
2.819999997192 2.829999997181 4.8474439379141e-07
2.829999997181 2.839999997170 4.8254800868784e-07
2.839999997170 2.849999997159 4.8036837593317e-07
2.849999997159 2.859999997148 4.7820527790520e-07
2.859999997148 2.869999997137 4.7605858622451e-07
2.869999997137 2.879999997126 4.7392811717240e-07
2.879999997126 2.889999997114 4.7181371810548e-07
2.889999997114 2.899999997103 4.6971515375465e-07
2.899999997103 2.909999997092 4.6763233309610e-07
2.909999997092 2.919999997081 4.6556502614472e-07
2.919999997081 2.929999997070 4.6351311792210e-07
2.929999997070 2.939999997059 4.6147643942199e-07
2.939999997059 2.949999997048 4.5945479643890e-07
2.949999997048 2.959999997036 4.5744808014815e-07
2.959999997036 2.969999997025 4.5545610094979e-07
2.969999997025 2.979999997014 4.5347872655120e-07
2.979999997014 2.989999997003 4.5151579930177e-07
2.989999997003 2.999999996992 4.4956708122210e-07
2.999999996992 3.009999996981 4.4763261041254e-07
3.009999996981 3.019999996970 4.4571215356468e-07
3.019999996970 3.029999996958 4.4380556136038e-07
3.029999996958 3.039999996947 4.4191268656593e-07
3.039999996947 3.049999996936 4.4003341042906e-07
3.049999996936 3.059999996925 4.3816756310869e-07
3.059999996925 3.069999996914 4.3631505582392e-07
3.069999996914 3.079999996903 4.3447572255313e-07
3.079999996903 3.089999996892 4.3264945160424e-07
3.089999996892 3.099999996881 4.3083608098425e-07
3.099999996881 3.109999996869 4.2903550251634e-07
3.109999996869 3.119999996858 4.2724758375901e-07
3.119999996858 3.129999996847 4.2547221960725e-07
3.129999996847 3.139999996836 4.2370925541341e-07
3.139999996836 3.149999996825 4.2195858936127e-07
3.149999996825 3.159999996814 4.2022009568922e-07
3.159999996814 3.169999996803 4.1849365031799e-07
3.169999996803 3.179999996791 4.1677913082702e-07
3.179999996791 3.189999996780 4.1507644132795e-07
3.189999996780 3.199999996769 4.1338543750992e-07
3.199999996769 3.209999996758 4.1167482136232e-07
3.209999996758 3.219999996747 4.0997249342963e-07
3.219999996747 3.229999996736 4.0831675284632e-07
3.229999996736 3.239999996725 4.0667222957521e-07
3.239999996725 3.249999996713 4.0503886072691e-07
3.249999996713 3.259999996702 4.0341651145478e-07
3.259999996702 3.269999996691 4.0180509695263e-07
3.269999996691 3.279999996680 4.0020450942824e-07
3.279999996680 3.289999996669 3.9861461855666e-07
3.289999996669 3.299999996658 3.9703536722757e-07
3.299999996658 3.309999996647 3.9546662773348e-07
3.309999996647 3.319999996635 3.9390832133720e-07
3.319999996635 3.329999996624 3.9236032315697e-07
3.329999996624 3.339999996613 3.9082255685533e-07
3.339999996613 3.349999996602 3.8929492363725e-07
3.349999996602 3.359999996591 3.8777732595560e-07
3.359999996591 3.369999996580 3.8626966749254e-07
3.369999996580 3.379999996569 3.8477187621040e-07
3.379999996569 3.389999996557 3.8328381195424e-07
3.389999996557 3.399999996546 3.8180545092290e-07
3.399999996546 3.409999996535 3.8033665538167e-07
3.409999996535 3.419999996524 3.7887735758932e-07
3.419999996524 3.429999996513 3.7742746794807e-07
3.429999996513 3.439999996502 3.7598689795997e-07
3.439999996502 3.449999996491 3.7455556022025e-07
3.449999996491 3.459999996479 3.7313339076010e-07
3.459999996479 3.469999996468 3.7172028176148e-07
3.469999996468 3.479999996457 3.7031614898793e-07
3.479999996457 3.489999996446 3.6892093133451e-07
3.489999996446 3.499999996435 3.6753454634343e-07
3.499999996435 3.509999996424 3.6615691255696e-07
3.509999996424 3.519999996413 3.6478794949282e-07
3.519999996413 3.529999996401 3.6342757764320e-07
3.529999996401 3.539999996390 3.6207574014179e-07
3.539999996390 3.549999996379 3.6073231590064e-07
3.549999996379 3.559999996368 3.5939727153470e-07
3.559999996368 3.569999996357 3.5807053102045e-07
3.569999996357 3.579999996346 3.5675199786340e-07
3.579999996346 3.589999996335 3.5544161936083e-07
3.589999996335 3.599999996323 3.5413930093625e-07
3.599999996323 3.609999996312 3.5284501260291e-07
3.609999996312 3.619999996301 3.5155866141468e-07
3.619999996301 3.629999996290 3.5028015558487e-07
3.629999996290 3.639999996279 3.4900946716299e-07
3.639999996279 3.649999996268 3.4774650592296e-07
3.649999996268 3.659999996257 3.4649122424692e-07
3.659999996257 3.669999996245 3.4524353365298e-07
3.669999996245 3.679999996234 3.4400336734475e-07
3.679999996234 3.689999996223 3.4277067981868e-07
3.689999996223 3.699999996212 3.4154540557934e-07
3.699999996212 3.709999996201 3.4032745950670e-07
3.709999996201 3.719999996190 3.3911681842092e-07
3.719999996190 3.729999996179 3.3791337836313e-07
3.729999996179 3.739999996167 3.3671709714756e-07
3.739999996167 3.749999996156 3.3552793301104e-07
3.749999996156 3.759999996145 3.3434578455508e-07
3.759999996145 3.769999996134 3.3317050109302e-07
3.769999996134 3.779999996123 3.3200226289383e-07
3.779999996123 3.789999996112 3.3084090082874e-07
3.789999996112 3.799999996101 3.2968633649710e-07
3.799999996101 3.809999996089 3.2853851209469e-07
3.809999996089 3.819999996078 3.2739739005693e-07
3.819999996078 3.829999996067 3.2626291365281e-07
3.829999996067 3.839999996056 3.2513500731609e-07
3.839999996056 3.849999996045 3.2401363515501e-07
3.849999996045 3.859999996034 3.2289874229149e-07
3.859999996034 3.869999996023 3.2179027445013e-07
3.869999996023 3.879999996012 3.2068817794923e-07
3.879999996012 3.889999996000 3.1959239969227e-07
3.889999996000 3.899999995989 3.1850288716159e-07
3.899999995989 3.909999995978 3.1741958840734e-07
3.909999995978 3.919999995967 3.1634247098029e-07
3.919999995967 3.929999995956 3.1527144612028e-07
3.929999995956 3.939999995945 3.1420650134035e-07
3.939999995945 3.949999995934 3.1314758671136e-07
3.949999995934 3.959999995922 3.1209463416145e-07
3.959999995922 3.969999995911 3.1104759500518e-07
3.969999995911 3.979999995900 3.1000643963436e-07
3.979999995900 3.989999995889 3.0897110172702e-07
3.989999995889 3.999999995878 3.0794155256564e-07
3.999999995878 4.009999995867 3.0691774531726e-07
4.009999995867 4.019999995856 3.0589961535404e-07
4.019999995856 4.029999995844 3.0488715349047e-07
4.029999995844 4.039999995833 3.0387873271360e-07
4.039999995833 4.049999995822 3.0285560842025e-07
4.049999995822 4.059999995811 3.0186002938466e-07
4.059999995811 4.069999995800 3.0086993819317e-07
4.069999995800 4.079999995789 2.9988525531067e-07
4.079999995789 4.089999995778 2.9890595575291e-07
4.089999995778 4.099999995766 2.9793201475437e-07
4.099999995766 4.109999995755 2.9696335446355e-07
4.109999995755 4.119999995744 2.9599996875351e-07
4.119999995744 4.129999995733 2.9504179851865e-07
4.129999995733 4.139999995722 2.9408880289175e-07
4.139999995722 4.149999995711 2.9314094143566e-07
4.149999995711 4.159999995700 2.9219819159245e-07
4.159999995700 4.169999995688 2.9126049615189e-07
4.169999995688 4.179999995677 2.9032783325674e-07
4.179999995677 4.189999995666 2.8940014661116e-07
4.189999995666 4.199999995655 2.8847741503753e-07
4.199999995655 4.209999995644 2.8755958313340e-07
4.209999995644 4.219999995633 2.8664661324214e-07
4.219999995633 4.229999995622 2.8573850225584e-07
4.229999995622 4.239999995610 2.8483517887818e-07
4.239999995610 4.249999995599 2.8393660657891e-07
4.249999995599 4.259999995588 2.8304278302882e-07
4.259999995588 4.269999995577 2.8215363835512e-07
4.269999995577 4.279999995566 2.8126915392398e-07
4.279999995566 4.289999995555 2.8038927770965e-07
4.289999995555 4.299999995544 2.7951400837433e-07
4.299999995544 4.309999995532 2.7864327787246e-07
4.309999995532 4.319999995521 2.7777708534810e-07
4.319999995521 4.329999995510 2.7691536364068e-07
4.329999995510 4.339999995499 2.7605811234297e-07
4.339999995499 4.349999995488 2.7520526516806e-07
4.349999995488 4.359999995477 2.7435682215739e-07
4.359999995477 4.369999995466 2.7351273421696e-07
4.369999995466 4.379999995454 2.7267295277238e-07
4.379999995454 4.389999995443 2.7183747850952e-07
4.389999995443 4.399999995432 2.7100627962271e-07
4.399999995432 4.409999995421 2.7017929231954e-07
4.409999995421 4.419999995410 2.6935651789575e-07
4.419999995410 4.429999995399 2.6853790940407e-07
4.429999995399 4.439999995388 2.6772343638724e-07
4.439999995388 4.449999995376 2.6691308464066e-07
4.449999995376 4.459999995365 2.6610680822959e-07
4.459999995365 4.469999995354 2.6530457756191e-07
4.469999995354 4.479999995343 2.6450637913834e-07
4.479999995343 4.489999995332 2.6371216801936e-07
4.489999995332 4.499999995321 2.6292193115235e-07
4.499999995321 4.509999995310 2.6213562424666e-07
4.509999995310 4.519999995298 2.6135323469828e-07
4.519999995298 4.529999995287 2.6057471884038e-07
4.529999995287 4.539999995276 2.5980006449877e-07
4.539999995276 4.549999995265 2.5902924410539e-07
4.549999995265 4.559999995254 2.5826221490748e-07
4.559999995254 4.569999995243 2.5749896536621e-07
4.569999995243 4.579999995232 2.5673946866946e-07
4.579999995232 4.589999995220 2.5598368295530e-07
4.589999995220 4.599999995209 2.5523159728925e-07
4.599999995209 4.609999995198 2.5448318560037e-07
4.609999995198 4.619999995187 2.5373842204408e-07
4.619999995187 4.629999995176 2.5299726590570e-07
4.629999995176 4.639999995165 2.5225970702242e-07
4.639999995165 4.649999995154 2.5152572026523e-07
4.649999995154 4.659999995142 2.5079528072245e-07
4.659999995142 4.669999995131 2.5006836371486e-07
4.669999995131 4.679999995120 2.4934494479176e-07
4.679999995120 4.689999995109 2.4862499971908e-07
4.689999995109 4.699999995098 2.4790848966553e-07
4.699999995098 4.709999995087 2.4719542050422e-07
4.709999995087 4.719999995076 2.4648575379634e-07
4.719999995076 4.729999995065 2.4577945148527e-07
4.729999995065 4.739999995053 2.4507651981947e-07
4.739999995053 4.749999995042 2.4437692111695e-07
4.749999995042 4.759999995031 2.4368063262829e-07
4.759999995031 4.769999995020 2.4298763180570e-07
4.769999995020 4.779999995009 2.4229789630253e-07
4.779999995009 4.789999994998 2.4161140397001e-07
4.789999994998 4.799999994987 2.4092814724556e-07
4.799999994987 4.809999994975 2.4024807555088e-07
4.809999994975 4.819999994964 2.3957119605807e-07
4.819999994964 4.829999994953 2.3889747299725e-07
4.829999994953 4.839999994942 2.3822688518375e-07
4.839999994942 4.849999994931 2.3755942580308e-07
4.849999994931 4.859999994920 2.3689504561635e-07
4.859999994920 4.869999994909 2.3623375232111e-07
4.869999994909 4.879999994897 2.3557552534628e-07
4.879999994897 4.889999994886 2.3492031622844e-07
4.889999994886 4.899999994875 2.3426813296673e-07
4.899999994875 4.909999994864 2.3361894155995e-07
4.909999994864 4.919999994853 2.3297273616643e-07
4.919999994853 4.929999994842 2.3232948320419e-07
4.929999994842 4.939999994831 2.3168917709949e-07
4.939999994831 4.949999994819 2.3105177088006e-07
4.949999994819 4.959999994808 2.3041728686199e-07
4.959999994808 4.969999994797 2.2978566472009e-07
4.969999994797 4.979999994786 2.2915692687179e-07
4.979999994786 4.989999994775 2.2853101353820e-07
4.989999994775 4.999999994764 2.2790793361096e-07
4.999999994764 5.009999994753 2.2728766869664e-07
5.009999994753 5.019999994741 2.2667018701505e-07
5.019999994741 5.029999994730 2.2605548408290e-07
5.029999994730 5.039999994719 2.2544352850707e-07
5.039999994719 5.049999994708 2.2483431603617e-07
5.049999994708 5.059999994697 2.2422781564378e-07
5.059999994697 5.069999994686 2.2362402330430e-07
5.069999994686 5.079999994675 2.2302292167490e-07
5.079999994675 5.089999994663 2.2242448027635e-07
5.089999994663 5.099999994652 2.2182869540729e-07
5.099999994652 5.109999994641 2.2123553694389e-07
5.109999994641 5.119999994630 2.2064500139614e-07
5.119999994630 5.129999994619 2.2005707212738e-07
5.129999994619 5.139999994608 2.1947171954151e-07
5.139999994608 5.149999994597 2.1888894044863e-07
5.149999994597 5.159999994585 2.1830871862174e-07
5.159999994585 5.169999994574 2.1773103797305e-07
5.169999994574 5.179999994563 2.1715586957512e-07
5.179999994563 5.189999994552 2.1658321062993e-07
5.189999994552 5.199999994541 2.1601304543614e-07
5.199999994541 5.209999994530 2.1544534556162e-07
5.209999994530 5.219999994519 2.1488010849194e-07
5.219999994519 5.229999994507 2.1431733169722e-07
5.229999994507 5.239999994496 2.1375696159728e-07
5.239999994496 5.249999994485 2.1319902150664e-07
5.249999994485 5.259999994474 2.1264347098114e-07
5.259999994474 5.269999994463 2.1209032061498e-07
5.269999994463 5.279999994452 2.1153953033681e-07
5.279999994452 5.289999994441 2.1099109825027e-07
5.289999994441 5.299999994429 2.1044500987800e-07
5.299999994429 5.309999994418 2.0990123832778e-07
5.309999994418 5.319999994407 2.0935979444925e-07
5.319999994407 5.329999994396 2.0882063907661e-07
5.329999994396 5.339999994385 2.0828378316325e-07
5.339999994385 5.349999994374 2.0774918789126e-07
5.349999994374 5.359999994363 2.0721685193022e-07
5.359999994363 5.369999994351 2.0668676159415e-07
5.369999994351 5.379999994340 2.0615890330221e-07
5.379999994340 5.389999994329 2.0563326357645e-07
5.389999994329 5.399999994318 2.0510982904943e-07
5.399999994318 5.409999994307 2.0458858646139e-07
5.409999994307 5.419999994296 2.0406952265412e-07
5.419999994296 5.429999994285 2.0355262456578e-07
5.429999994285 5.439999994273 2.0303787924807e-07
5.439999994273 5.449999994262 2.0252527384747e-07
5.449999994262 5.459999994251 2.0201479561020e-07
5.459999994251 5.469999994240 2.0150643188312e-07
5.469999994240 5.479999994229 2.0100017011119e-07
5.479999994229 5.489999994218 2.0049599783371e-07
5.489999994218 5.499999994207 1.9999390269562e-07
5.499999994207 5.509999994196 1.9949387242396e-07
5.509999994196 5.519999994184 1.9899589484884e-07
5.519999994184 5.529999994173 1.9849995788988e-07
5.529999994173 5.539999994162 1.9800606138687e-07
5.539999994162 5.549999994151 1.9751416977178e-07
5.549999994151 5.559999994140 1.9702429485099e-07
5.559999994140 5.569999994129 1.9653640136540e-07
5.569999994129 5.579999994118 1.9605050118190e-07
5.579999994118 5.589999994106 1.9556649586457e-07
5.589999994106 5.599999994095 1.9508452408259e-07
5.599999994095 5.609999994084 1.9460449950043e-07
5.609999994084 5.619999994073 1.9412641084252e-07
5.619999994073 5.629999994062 1.9365024691950e-07
5.629999994062 5.639999994051 1.9317600815701e-07
5.639999994051 5.649999994040 1.9270367194688e-07
5.649999994040 5.659999994028 1.9223321587461e-07
5.659999994028 5.669999994017 1.9176466351100e-07
5.669999994017 5.679999994006 1.9129796965421e-07
5.679999994006 5.689999993995 1.9083313508301e-07
5.689999993995 5.699999993984 1.9037016054886e-07
5.699999993984 5.709999993973 1.8990902409873e-07
5.709999993973 5.719999993962 1.8944971527156e-07
5.719999993962 5.729999993950 1.8899222368767e-07
5.729999993950 5.739999993939 1.8853653904838e-07
5.739999993939 5.749999993928 1.8808266235237e-07
5.749999993928 5.759999993917 1.8763057216405e-07
5.759999993917 5.769999993906 1.8718025841268e-07
5.769999993906 5.779999993895 1.8673172223965e-07
5.779999993895 5.789999993884 1.8628493140007e-07
5.789999993884 5.799999993872 1.8583989830161e-07
5.799999993872 5.809999993861 1.8539661308111e-07
5.809999993861 5.819999993850 1.8495504387127e-07
5.819999993850 5.829999993839 1.8451520313472e-07
5.829999993839 5.839999993828 1.8407707023598e-07
5.839999993828 5.849999993817 1.8364064663396e-07
5.849999993817 5.859999993806 1.8320590095016e-07
5.859999993806 5.869999993794 1.8277284571995e-07
5.869999993794 5.879999993783 1.8234146068256e-07
5.879999993783 5.889999993772 1.8191174746592e-07
5.889999993772 5.899999993761 1.8148368600421e-07
5.899999993761 5.909999993750 1.8105726720218e-07
5.909999993750 5.919999993739 1.8063249280301e-07
5.919999993739 5.929999993728 1.8020934301721e-07
5.929999993728 5.939999993716 1.7978780894153e-07
5.939999993716 5.949999993705 1.7936789244357e-07
5.949999993705 5.959999993694 1.7894957399020e-07
5.959999993694 5.969999993683 1.7853284487507e-07
5.969999993683 5.979999993672 1.7811770707564e-07
5.979999993672 5.989999993661 1.7770406709543e-07
5.989999993661 5.999999993650 1.7729040404274e-07
5.999999993650 6.009999993638 1.7687998200529e-07
6.009999993638 6.019999993627 1.7647110650046e-07
6.019999993627 6.029999993616 1.7606376918646e-07
6.029999993616 6.039999993605 1.7565797225197e-07
6.039999993605 6.049999993594 1.7525369693820e-07
6.049999993594 6.059999993583 1.7485093507067e-07
6.059999993583 6.069999993572 1.7444968895051e-07
6.069999993572 6.079999993560 1.7404994005609e-07
6.079999993560 6.089999993549 1.7365169074786e-07
6.089999993549 6.099999993538 1.7325492267417e-07
6.099999993538 6.109999993527 1.7285963825976e-07
6.109999993527 6.119999993516 1.7246581930146e-07
6.119999993516 6.129999993505 1.7207345802469e-07
6.129999993505 6.139999993494 1.7168255694425e-07
6.139999993494 6.149999993482 1.7129309809762e-07
6.149999993482 6.159999993471 1.7090508405697e-07
6.159999993471 6.169999993460 1.7051849701666e-07
6.169999993460 6.179999993449 1.7013333960965e-07
6.179999993449 6.189999993438 1.6974959417603e-07
6.189999993438 6.199999993427 1.6936725330281e-07
6.199999993427 6.209999993416 1.6898631971096e-07
6.209999993416 6.219999993404 1.6860678602008e-07
6.219999993404 6.229999993393 1.6822863486861e-07
6.229999993393 6.239999993382 1.6785185903944e-07
6.239999993382 6.249999993371 1.6747646136325e-07
6.249999993371 6.259999993360 1.6710243466289e-07
6.259999993360 6.269999993349 1.6672976185821e-07
6.269999993349 6.279999993338 1.6635843592821e-07
6.279999993338 6.289999993327 1.6598845980711e-07
6.289999993327 6.299999993315 1.6561982650981e-07
6.299999993315 6.309999993304 1.6525250937588e-07
6.309999993304 6.319999993293 1.6488653114797e-07
6.319999993293 6.329999993282 1.6452186528649e-07
6.329999993282 6.339999993271 1.6415850505206e-07
6.339999993271 6.349999993260 1.6379645352202e-07
6.349999993260 6.359999993249 1.6343570399003e-07
6.359999993249 6.369999993237 1.6307624005343e-07
6.369999993237 6.379999993226 1.6271806486305e-07
6.379999993226 6.389999993215 1.6236116215083e-07
6.389999993215 6.399999993204 1.6200553511609e-07
6.399999993204 6.409999993193 1.6165116761698e-07
6.409999993193 6.419999993182 1.6129806289041e-07
6.419999993182 6.429999993171 1.6094620493042e-07
6.429999993171 6.439999993159 1.6059559701784e-07
6.439999993159 6.449999993148 1.6024622326261e-07
6.449999993148 6.459999993137 1.5989808699222e-07
6.459999993137 6.469999993126 1.5955118196398e-07
6.469999993126 6.479999993115 1.5920549248320e-07
6.479999993115 6.489999993104 1.5886102192475e-07
6.489999993104 6.499999993093 1.5851775471859e-07
6.499999993093 6.509999993081 1.5817569428339e-07
6.509999993081 6.519999993070 1.5783482516321e-07
6.519999993070 6.529999993059 1.5749515081555e-07
6.529999993059 6.539999993048 1.5715666528037e-07
6.539999993048 6.549999993037 1.5681935327707e-07
6.549999993037 6.559999993026 1.5648321832490e-07
6.559999993026 6.569999993015 1.5614824525570e-07
6.569999993015 6.579999993003 1.5581443762046e-07
6.579999993003 6.589999992992 1.5548178964511e-07
6.589999992992 6.599999992981 1.5515028634746e-07
6.599999992981 6.609999992970 1.5481993132044e-07
6.609999992970 6.619999992959 1.5449071890370e-07
6.619999992959 6.629999992948 1.5416263428085e-07
6.629999992948 6.639999992937 1.5382993643990e-07
6.639999992937 6.649999992925 1.5350410110788e-07
6.649999992925 6.659999992914 1.5317936790161e-07
6.659999992914 6.669999992903 1.5285575881048e-07
6.669999992903 6.679999992892 1.5253325013140e-07
6.679999992892 6.689999992881 1.5221184559050e-07
6.689999992881 6.699999992870 1.5189153074815e-07
6.699999992870 6.709999992859 1.5157230936056e-07
6.709999992859 6.719999992847 1.5125417611751e-07
6.719999992847 6.729999992836 1.5093711673821e-07
6.729999992836 6.739999992825 1.5062113502209e-07
6.739999992825 6.749999992814 1.5030622575707e-07
6.749999992814 6.759999992803 1.4999237482168e-07
6.759999992803 6.769999992792 1.4967958605241e-07
6.769999992792 6.779999992781 1.4936785433719e-07
6.779999992781 6.789999992769 1.4905716570509e-07
6.789999992769 6.799999992758 1.4874752403592e-07
6.799999992758 6.809999992747 1.4843892431019e-07
6.809999992747 6.819999992736 1.4813135270522e-07
6.819999992736 6.829999992725 1.4782481314098e-07
6.829999992725 6.839999992714 1.4751929189320e-07
6.839999992714 6.849999992703 1.4721479290045e-07
6.849999992703 6.859999992691 1.4691131130267e-07
6.859999992691 6.869999992680 1.4660884226484e-07
6.869999992680 6.879999992669 1.4630737225618e-07
6.879999992669 6.889999992658 1.4600690526557e-07
6.889999992658 6.899999992647 1.4570743654861e-07
6.899999992647 6.909999992636 1.4540895271580e-07
6.909999992636 6.919999992625 1.4511145778992e-07
6.919999992625 6.929999992613 1.4481494711275e-07
6.929999992613 6.939999992602 1.4451940743516e-07
6.939999992602 6.949999992591 1.4422484281012e-07
6.949999992591 6.959999992580 1.4393124866757e-07
6.959999992580 6.969999992569 1.4363861189198e-07
6.969999992569 6.979999992558 1.4334694511905e-07
6.979999992558 6.989999992547 1.4305621820886e-07
6.989999992547 6.999999992535 1.4276645235029e-07
